
# WEIGHT ALLOCATION MATRICES FOR GYM
# SPECIAL CHARACTERS:
#   #  -> Comment. Program ignores line
#   ,  -> Delimeter
#  --- -> Section divider
# SECTION 1 -> AVAILABLE
# SECTION 2 -> ALLOCATION
# SECTION 3 -> REQUEST
# pid,2.5,5,10,15,20,25,35,45

# AVAILABLE
# 2.5,5,10,15,20,25,35,45

10,10,10,10,10,10,10,10
---
27608,0,0,0,0,0,0,0,0
27609,0,0,0,0,0,0,0,0
27612,0,0,0,0,0,0,0,0
27610,0,0,0,0,0,0,0,0
27613,0,0,0,0,0,0,0,0
27611,0,0,0,0,0,0,0,0
---
27608,0,0,0,0,0,0,0,0
27609,0,0,0,0,0,0,0,0
27612,0,0,0,0,0,0,0,0
27610,0,0,0,0,0,0,0,0
27613,0,0,0,0,0,0,0,0
27611,0,0,0,0,0,0,0,0
---

